3
GOOD SOMETHING FORM
Keep it up!
Contracted
GOOD EXTENDED FORM
Great form! :)
Extended
GOOD CONTRACTED FORM
Awesome!
Extended
0,0.5,0,0,0,0,0,0,0,0,0,0.2,0,0,0,0,0,0,0,0,0,0,0.1,0,0
1,0.5,0,0,0,0,0,0.9,0,0,0,0.2,0,0,0,0,0,0.3,0,0,0,0,0.1,0,0
1,0.5,0,0,0,0,0,0.9,0,0,0,0.2,0,0,0,0,0,0.3,0,0,0,0,0.1,0,0
2,0.5,0,0,0,0,0,0.9,0,0,0,0.2,0,0,0,0,0,0.3,0,0,0,0,0.1,0,0
2,0.5,0,0,0,0,0,0.9,0,0,0,0.2,0,0,0,0,0,0.3,0,0,0,0,0.1,0,0
2,0.5,0,0,0,0,0,0.9,0,0,0,0.2,0,0,0,0,0,0.3,0,0,0,0,0.1,0,0
2,0.5,0,0,0,0,0,0.9,0,0,0,0.2,0,0,0,0,0,0.3,0,0,0,0,0.1,0,0
